function [i] = RA250320_L04_03()
    %para R=5
    A1 = [20 0 -15; 0 20 -5; -15 -5 40];

    %para R=10
    A2 = [20 0 -15; 0 25 -10; -15 -10 45];

    %para R=20
    A3 = [20 0 -15; 0 35 -20; -15 -20 55];
    
    %matriz B
    B = [220; 0; 0];

    i = [A1\B A2\B A3\B];

    return
end